True_LogN	Predicted_LogN	True_Tex
13.0000	13.5110	65.0000
14.6000	13.3740	165.0000
14.6000	13.6770	335.0000
15.7000	15.1090	270.0000
12.4000	13.9110	240.0000
15.9000	15.7530	260.0000
13.4000	13.4320	90.0000
13.5000	13.2280	310.0000
13.0000	13.5440	330.0000
12.6000	13.4250	145.0000
14.0000	13.3510	320.0000
16.9000	16.9840	25.0000
12.9000	13.6680	345.0000
12.7000	13.7830	355.0000
17.0000	16.9510	115.0000
18.5000	18.4420	335.0000
18.1000	18.0930	205.0000
17.4000	17.3060	310.0000
18.9000	18.8940	295.0000
13.2000	13.5950	265.0000
16.2000	15.4770	360.0000
15.7000	14.8150	360.0000
18.8000	18.8150	135.0000
14.5000	13.5270	285.0000
18.1000	18.0890	55.0000
14.9000	13.8000	195.0000
18.1000	18.0710	145.0000
18.3000	18.2850	320.0000
18.0000	17.9430	310.0000
15.3000	14.4720	175.0000
17.9000	17.8810	145.0000
15.1000	13.9120	210.0000
14.2000	13.5440	140.0000
17.0000	17.0070	280.0000
13.8000	13.3420	185.0000
15.7000	15.4600	225.0000
17.4000	17.3580	305.0000
15.4000	13.9100	360.0000
16.2000	16.2210	50.0000
13.7000	13.5420	265.0000
14.2000	13.5240	115.0000
17.4000	17.4220	25.0000
15.4000	15.6210	145.0000
17.3000	17.3910	205.0000
14.2000	13.6270	135.0000
13.8000	13.6840	120.0000
17.1000	17.1650	235.0000
16.4000	16.0600	355.0000
16.2000	16.2370	145.0000
16.2000	16.1120	245.0000
15.1000	13.6050	155.0000
15.8000	15.9700	30.0000
15.7000	15.9840	100.0000
14.6000	14.0480	90.0000
13.0000	13.6030	110.0000
16.5000	16.5820	85.0000
18.8000	18.8120	140.0000
13.9000	13.5200	350.0000
16.3000	16.2460	265.0000
15.5000	15.0030	170.0000
15.0000	14.6160	100.0000
13.1000	13.5900	330.0000
18.3000	18.2790	190.0000
12.9000	13.3720	125.0000
18.1000	18.0450	340.0000
16.1000	15.7700	250.0000
18.3000	18.2710	315.0000
15.7000	15.6090	200.0000
16.0000	16.0730	45.0000
18.5000	18.5160	145.0000
15.6000	15.7750	130.0000
19.0000	18.9430	45.0000
14.3000	13.4160	290.0000
16.0000	16.1690	155.0000
14.5000	14.3400	315.0000
13.5000	13.4740	40.0000
17.2000	17.1530	125.0000
18.8000	18.7870	250.0000
15.7000	15.0460	230.0000
18.7000	18.7260	175.0000
15.7000	14.5100	320.0000
15.3000	15.2440	145.0000
16.4000	16.5150	40.0000
15.8000	14.8930	360.0000
19.0000	19.0230	175.0000
16.5000	16.3180	330.0000
14.0000	13.5260	325.0000
19.3000	19.3380	65.0000
12.8000	13.3970	200.0000
12.2000	13.4600	210.0000
13.6000	13.6340	45.0000
15.3000	13.6110	320.0000
17.9000	17.8740	100.0000
17.1000	16.9450	120.0000
19.2000	19.2020	315.0000
19.3000	19.2970	300.0000
13.8000	13.7760	325.0000
12.4000	13.5300	255.0000
13.2000	13.4340	255.0000
13.4000	13.3870	215.0000
14.7000	13.7490	135.0000
16.4000	16.3890	140.0000
15.2000	14.0200	325.0000
17.4000	17.2590	340.0000
13.6000	13.3130	105.0000
13.8000	13.5480	45.0000
18.1000	18.1050	125.0000
18.5000	18.4710	255.0000
13.7000	13.5810	110.0000
12.1000	13.4590	215.0000
14.1000	14.1660	45.0000
13.4000	13.7400	265.0000
12.1000	13.6730	240.0000
14.4000	13.7130	120.0000
18.1000	18.1190	295.0000
15.3000	13.4820	275.0000
15.5000	15.2700	190.0000
13.9000	13.7880	105.0000
18.0000	18.0240	290.0000
18.1000	18.0750	30.0000
14.0000	13.3310	265.0000
13.0000	13.4860	155.0000
15.1000	13.3660	330.0000
19.2000	19.2010	295.0000
18.7000	18.6940	30.0000
15.6000	15.5460	200.0000
15.4000	14.7380	190.0000
18.4000	18.3800	350.0000
17.3000	17.2850	175.0000
12.3000	13.5140	30.0000
17.2000	17.2430	80.0000
17.4000	17.4450	145.0000
16.9000	16.8910	145.0000
17.0000	16.9500	275.0000
16.7000	16.7690	35.0000
15.9000	16.1230	85.0000
17.2000	17.2400	225.0000
12.9000	13.5490	60.0000
16.3000	16.1520	290.0000
17.1000	16.9440	345.0000
16.2000	15.7910	345.0000
18.4000	18.3960	225.0000
12.6000	13.4260	260.0000
12.5000	13.5720	80.0000
12.0000	13.4430	65.0000
13.5000	13.5550	295.0000
16.6000	16.5990	275.0000
14.1000	14.3740	22.5000
17.0000	17.0920	30.0000
18.2000	18.1950	195.0000
17.8000	17.7830	320.0000
14.7000	14.2380	115.0000
18.1000	18.0810	225.0000
18.5000	18.4780	245.0000
16.8000	16.5630	360.0000
12.8000	13.2380	330.0000
16.2000	16.3140	160.0000
12.8000	13.4520	105.0000
17.2000	17.3070	235.0000
15.1000	13.4240	265.0000
12.9000	13.4560	230.0000
16.7000	16.6880	290.0000
18.0000	17.9940	360.0000
17.2000	17.2070	115.0000
15.0000	14.1800	170.0000
16.3000	16.3240	50.0000
19.2000	19.1960	335.0000
18.9000	18.8940	315.0000
13.6000	13.4770	220.0000
17.7000	17.7590	255.0000
18.3000	18.3550	80.0000
16.1000	15.7560	295.0000
13.5000	13.2310	95.0000
17.8000	17.7990	150.0000
16.5000	16.3340	320.0000
18.2000	18.1360	360.0000
16.0000	16.0560	200.0000
12.7000	13.3840	330.0000
16.0000	16.1230	20.0000
14.3000	13.3790	255.0000
19.4000	19.3970	255.0000
16.6000	16.4250	300.0000
19.3000	19.2830	100.0000
14.6000	13.4240	265.0000
16.6000	16.3540	305.0000
12.0000	13.2480	185.0000
17.2000	17.1530	260.0000
17.3000	17.2400	300.0000
18.2000	18.1350	30.0000
17.7000	17.7270	260.0000
13.1000	14.4710	45.0000
18.2000	18.1200	330.0000
16.4000	16.4160	100.0000
12.1000	13.4470	65.0000
17.0000	16.8340	325.0000
12.3000	13.4080	345.0000
12.0000	13.7060	280.0000
13.4000	13.4980	155.0000
18.4000	18.4030	150.0000
16.2000	16.2780	195.0000
15.9000	16.0180	45.0000
14.0000	13.4990	22.5000
12.1000	13.6700	20.0000
15.7000	16.0590	115.0000
18.2000	18.2020	185.0000
12.5000	13.6520	235.0000
12.3000	13.4020	175.0000
18.7000	18.6870	310.0000
13.3000	13.5960	165.0000
13.5000	13.5080	140.0000
19.2000	19.1570	260.0000
15.7000	15.8860	120.0000
15.3000	14.1640	270.0000
18.5000	18.4620	270.0000
18.7000	18.6780	35.0000
13.1000	13.4960	205.0000
19.1000	19.0790	300.0000
19.4000	19.3770	130.0000
15.9000	16.0440	35.0000
18.3000	18.2810	255.0000
17.9000	17.8950	165.0000
14.9000	13.8230	205.0000
15.3000	15.6890	45.0000
14.8000	13.4930	185.0000
15.9000	15.6350	275.0000
14.5000	13.6830	240.0000
15.1000	15.3980	70.0000
15.6000	15.3130	310.0000
17.3000	17.3140	85.0000
13.5000	13.3570	180.0000
14.3000	13.9770	230.0000
12.9000	13.3900	255.0000
15.5000	15.6970	135.0000
13.1000	13.7520	345.0000
15.5000	13.9260	320.0000
16.2000	15.6970	355.0000
16.1000	16.2190	60.0000
16.7000	16.8030	25.0000
17.0000	16.9780	290.0000
19.3000	19.3040	175.0000
13.7000	13.5980	180.0000
13.0000	13.5220	50.0000
17.2000	17.1910	280.0000
15.6000	15.7240	25.0000
14.2000	14.3850	22.5000
18.0000	17.9650	40.0000
19.2000	19.2150	130.0000
19.0000	19.0180	130.0000
13.7000	13.3250	80.0000
13.5000	13.7050	70.0000
12.4000	13.8780	95.0000
16.2000	16.1500	230.0000
16.3000	16.3890	65.0000
15.9000	16.0370	140.0000
13.3000	13.4800	290.0000
12.7000	13.5070	280.0000
18.0000	18.0410	80.0000
13.7000	13.9030	295.0000
17.3000	17.3780	50.0000
13.7000	13.5170	55.0000
17.0000	16.9940	85.0000
14.1000	13.4030	275.0000
18.1000	18.1340	65.0000
19.3000	19.2930	280.0000
16.9000	16.9740	195.0000
14.0000	13.4530	125.0000
15.5000	15.6520	40.0000
15.6000	14.3330	350.0000
14.4000	13.4550	115.0000
14.3000	13.4230	125.0000
13.9000	13.5180	22.5000
12.4000	13.3820	90.0000
19.2000	19.2210	80.0000
13.3000	13.7820	50.0000
17.5000	17.2820	345.0000
16.2000	16.1720	225.0000
19.1000	19.0960	120.0000
16.4000	16.5500	90.0000
13.1000	13.4370	160.0000
19.0000	18.9280	40.0000
16.3000	16.4220	85.0000
12.4000	13.5140	225.0000
18.1000	18.0810	215.0000
13.3000	13.5510	125.0000
19.4000	19.3920	330.0000
15.1000	15.6570	95.0000
17.1000	17.1640	180.0000
15.7000	15.7210	170.0000
13.8000	13.4110	330.0000
19.1000	19.0980	250.0000
16.4000	16.3840	205.0000
12.0000	13.5500	180.0000
16.5000	16.5150	50.0000
15.4000	14.1880	240.0000
14.4000	13.6900	235.0000
13.9000	14.4440	215.0000
19.0000	19.0170	295.0000
12.5000	13.4990	215.0000
15.8000	15.9010	150.0000
18.8000	18.7380	55.0000
18.6000	18.5420	45.0000
16.8000	16.8170	80.0000
15.2000	14.8550	110.0000
16.9000	16.8300	265.0000
12.8000	13.9510	85.0000
15.7000	16.0110	75.0000
17.6000	17.5370	110.0000
12.6000	13.4200	175.0000
19.0000	18.9950	255.0000
15.7000	14.9060	300.0000
14.1000	13.6280	160.0000
12.7000	13.4180	270.0000
16.7000	16.7260	85.0000
14.3000	13.2440	245.0000
14.1000	13.4860	95.0000
12.0000	13.1920	175.0000
19.1000	19.1400	115.0000
12.8000	13.6250	160.0000
15.2000	14.1540	185.0000
19.2000	19.2150	125.0000
15.2000	14.4220	180.0000
15.9000	15.0040	310.0000
19.3000	19.3010	270.0000
16.5000	16.6090	135.0000
15.9000	15.9340	110.0000
16.8000	16.8260	150.0000
17.8000	17.8140	305.0000
13.4000	13.3430	115.0000
13.4000	13.4010	80.0000
17.5000	17.5160	60.0000
14.1000	13.1960	115.0000
15.8000	15.9310	85.0000
15.1000	13.7130	175.0000
14.2000	13.8160	220.0000
18.5000	18.4190	285.0000
12.3000	13.3650	245.0000
19.4000	19.4000	275.0000
14.6000	13.6850	345.0000
17.8000	17.6600	22.5000
13.4000	13.3510	240.0000
18.6000	18.5710	270.0000
14.8000	14.8420	50.0000
19.4000	19.3970	320.0000
17.6000	17.5460	100.0000
13.6000	13.6110	305.0000
12.9000	13.3870	215.0000
18.1000	18.1310	240.0000
17.2000	17.1730	165.0000
12.8000	13.5360	55.0000
13.5000	13.7690	280.0000
17.8000	17.8070	155.0000
16.9000	16.6940	355.0000
16.3000	16.2330	205.0000
14.5000	13.2810	280.0000
15.5000	15.5550	165.0000
14.7000	14.7270	45.0000
15.8000	14.8950	335.0000
18.5000	18.4880	165.0000
12.4000	13.6440	210.0000
14.0000	13.9930	20.0000
18.1000	18.0670	135.0000
12.1000	13.8430	205.0000
12.4000	13.6530	295.0000
13.1000	13.4170	22.5000
14.9000	13.7900	190.0000
18.4000	18.4150	125.0000
13.8000	13.3100	175.0000
15.4000	14.3650	305.0000
12.1000	13.2610	115.0000
16.2000	16.2130	65.0000
17.0000	17.0060	255.0000
17.3000	17.1950	295.0000
17.8000	17.8120	195.0000
17.9000	17.7840	325.0000
17.6000	17.6840	230.0000
14.8000	13.7400	225.0000
16.4000	16.2360	265.0000
12.7000	13.5430	120.0000
14.5000	14.4850	210.0000
17.8000	17.6980	205.0000
17.7000	17.7470	240.0000
16.8000	16.6730	300.0000
19.4000	19.3600	105.0000
18.3000	18.2800	175.0000
15.2000	13.8850	335.0000
13.8000	13.3940	115.0000
19.2000	19.1940	280.0000
13.9000	13.4080	175.0000
13.2000	13.3080	190.0000
18.9000	18.8880	90.0000
13.6000	13.5650	85.0000
15.1000	13.8100	190.0000
12.0000	13.4690	350.0000
14.8000	14.6680	115.0000
14.3000	13.4540	235.0000
17.2000	17.0650	355.0000
17.7000	17.7260	90.0000
14.4000	13.3830	255.0000
14.7000	15.2970	40.0000
18.3000	18.3520	75.0000
18.8000	18.7980	210.0000
19.3000	19.2960	255.0000
12.2000	13.7310	325.0000
12.2000	13.8830	230.0000
15.2000	13.7860	220.0000
18.4000	18.4590	75.0000
14.6000	13.4740	360.0000
13.8000	13.4270	320.0000
18.2000	18.1970	45.0000
15.1000	14.8640	160.0000
16.9000	16.9100	160.0000
19.4000	19.3990	225.0000
12.3000	13.5590	165.0000
13.8000	13.6870	40.0000
14.1000	13.4030	105.0000
15.3000	15.3610	80.0000
17.5000	17.5050	65.0000
16.5000	16.6680	80.0000
13.3000	13.5750	145.0000
17.6000	17.5520	125.0000
17.4000	17.4190	260.0000
13.2000	13.5700	305.0000
12.6000	13.5390	80.0000
15.7000	14.0230	355.0000
12.4000	13.4800	235.0000
13.5000	13.5050	250.0000
12.9000	13.5950	95.0000
13.3000	13.3580	30.0000
17.7000	17.7490	75.0000
18.1000	18.0790	200.0000
12.9000	13.3850	145.0000
16.2000	16.1740	220.0000
14.0000	13.5110	175.0000
12.0000	13.8020	230.0000
12.6000	13.3240	45.0000
13.6000	13.4980	70.0000
14.9000	14.5330	90.0000
16.3000	15.9270	360.0000
16.0000	16.1110	105.0000
14.2000	13.4420	300.0000
16.3000	16.3980	105.0000
12.3000	13.5470	150.0000
16.7000	16.6590	250.0000
14.2000	13.4380	75.0000
13.3000	13.3280	215.0000
12.4000	13.5120	100.0000
17.7000	17.5050	20.0000
17.3000	17.4030	225.0000
16.8000	16.7590	65.0000
16.8000	16.7760	190.0000
15.9000	15.4750	280.0000
18.6000	18.5670	320.0000
14.8000	14.9910	70.0000
12.5000	13.5570	330.0000
16.9000	16.8240	275.0000
18.3000	18.2950	150.0000
19.0000	18.9420	65.0000
14.2000	13.4950	290.0000
16.1000	16.1810	90.0000
18.9000	18.8940	250.0000
13.7000	13.7140	40.0000
18.5000	18.4850	190.0000
16.5000	16.4420	150.0000
16.6000	16.7210	175.0000
19.4000	19.3880	75.0000
16.7000	16.4120	360.0000
19.1000	19.1040	160.0000
16.4000	16.4790	22.5000
13.7000	13.6290	200.0000
17.7000	17.6880	265.0000
14.2000	13.3350	105.0000
16.4000	16.4660	190.0000
17.5000	17.4400	120.0000
12.8000	13.5480	30.0000
18.3000	18.2910	145.0000
16.5000	16.5820	22.5000
18.7000	18.7150	110.0000
18.5000	18.4890	130.0000
13.7000	13.5670	240.0000
18.7000	18.6560	50.0000
14.3000	13.9370	250.0000
13.8000	13.9830	270.0000
17.4000	17.3870	140.0000
14.6000	14.2470	105.0000
16.8000	16.7200	225.0000
12.4000	13.4730	145.0000
16.8000	16.6860	310.0000
18.3000	18.3120	230.0000
18.2000	17.9120	20.0000
15.1000	15.1470	85.0000
17.9000	17.9240	235.0000
17.6000	17.5600	330.0000
16.1000	16.1750	105.0000
12.4000	13.5980	40.0000
16.3000	16.2190	260.0000
16.0000	15.6110	285.0000
15.9000	16.0360	145.0000
18.3000	18.3090	110.0000
14.8000	14.3190	100.0000
17.4000	17.4010	125.0000
18.4000	18.4070	190.0000
19.2000	19.2140	110.0000
13.0000	13.5090	350.0000
18.2000	18.2060	335.0000
19.4000	19.3960	295.0000
19.2000	19.2050	165.0000
13.3000	13.2690	195.0000
13.2000	13.5440	345.0000
15.8000	15.8740	155.0000
13.0000	13.3960	190.0000
16.8000	16.8890	125.0000
14.4000	14.1040	45.0000
12.3000	13.3840	95.0000
16.9000	16.8850	90.0000
15.3000	15.4630	60.0000
15.2000	15.6130	75.0000
17.8000	17.9010	250.0000
17.6000	17.4420	345.0000
13.1000	13.5490	230.0000
12.5000	13.4340	305.0000
14.8000	13.9030	170.0000
18.5000	18.4820	220.0000
14.3000	13.6640	300.0000
13.4000	13.4320	225.0000
13.1000	13.5390	270.0000
19.2000	19.2140	215.0000
14.3000	13.4280	220.0000
13.6000	13.6440	150.0000
15.9000	15.8680	190.0000
14.5000	13.4210	135.0000
19.2000	18.9870	20.0000
14.8000	13.6150	355.0000
14.1000	13.3980	145.0000
12.8000	13.3860	195.0000
15.6000	15.8340	105.0000
13.1000	13.4030	300.0000
14.4000	13.5090	185.0000
17.6000	17.5430	105.0000
15.7000	16.0270	110.0000
13.4000	13.4920	195.0000
19.2000	19.2060	360.0000
19.4000	19.3760	70.0000
15.3000	15.3130	210.0000
15.2000	13.8990	260.0000
18.4000	18.2420	35.0000
15.1000	15.2480	40.0000
12.4000	13.8090	25.0000
13.9000	13.8140	30.0000
16.1000	16.1810	185.0000
13.8000	13.4220	55.0000
16.0000	15.6100	355.0000
16.6000	16.5010	245.0000
16.4000	16.2370	290.0000
12.1000	13.6030	40.0000
17.9000	17.8790	175.0000
12.7000	13.8380	100.0000
13.6000	13.5060	135.0000
17.2000	17.2120	100.0000
16.0000	16.1010	75.0000
17.6000	17.5420	310.0000
13.5000	13.9340	335.0000
12.0000	13.2660	190.0000
18.8000	18.8680	45.0000
12.5000	13.4250	95.0000
16.0000	16.0990	25.0000
12.7000	13.8290	190.0000
16.9000	16.8900	340.0000
15.3000	14.8460	160.0000
16.8000	16.8130	240.0000
12.1000	13.6440	55.0000
16.0000	15.0260	345.0000
19.1000	19.0980	200.0000
14.5000	13.3830	245.0000
12.5000	13.7300	60.0000
19.3000	19.2800	120.0000
15.1000	15.5740	65.0000
13.3000	13.6100	270.0000
17.1000	17.1530	175.0000
12.2000	13.8700	310.0000
14.7000	13.8590	110.0000
18.6000	18.5400	30.0000
19.2000	19.1870	240.0000
18.5000	18.5070	140.0000
18.9000	18.8470	50.0000
17.6000	17.5760	25.0000
14.1000	13.5820	205.0000
17.8000	17.8150	285.0000
15.6000	14.6390	215.0000
12.5000	13.4150	160.0000
16.0000	16.0780	175.0000
13.1000	13.5690	305.0000
16.4000	16.6180	95.0000
15.6000	15.4770	220.0000
12.0000	13.3990	210.0000
15.9000	16.0250	90.0000
18.5000	18.4720	280.0000
14.3000	13.6190	80.0000
14.5000	14.1740	25.0000
17.2000	17.3020	50.0000
13.5000	13.4610	200.0000
16.9000	16.7920	255.0000
15.0000	15.1010	125.0000
14.5000	14.0360	60.0000
18.2000	18.2220	215.0000
13.2000	13.7290	105.0000
12.5000	13.3910	25.0000
18.8000	18.7970	275.0000
15.6000	15.6270	185.0000
12.6000	13.4820	340.0000
14.3000	14.2120	50.0000
14.8000	14.3360	180.0000
17.3000	17.3230	40.0000
15.7000	15.6030	85.0000
13.0000	13.5180	270.0000
15.2000	14.6320	145.0000
14.3000	13.7280	140.0000
15.0000	13.6300	285.0000
17.8000	17.8550	230.0000
15.7000	15.8120	55.0000
16.0000	15.7960	225.0000
17.0000	16.9990	120.0000
13.3000	13.4780	285.0000
14.2000	13.9550	35.0000
14.6000	14.6560	45.0000
18.8000	18.7270	30.0000
18.5000	18.5080	340.0000
14.9000	15.2600	40.0000
16.7000	16.8100	195.0000
16.1000	16.0930	205.0000
14.9000	15.3490	70.0000
16.6000	16.6820	180.0000
12.4000	13.4190	335.0000
14.4000	13.6870	180.0000
13.3000	13.4530	310.0000
13.7000	13.4430	250.0000
16.4000	16.2900	255.0000
16.4000	16.4660	225.0000
16.7000	16.4430	340.0000
17.5000	17.5640	205.0000
13.5000	13.3030	60.0000
18.2000	18.1660	235.0000
13.1000	13.7170	55.0000
15.2000	13.8160	345.0000
18.8000	18.7990	90.0000
13.9000	13.5550	80.0000
14.1000	13.6860	230.0000
13.8000	13.6920	135.0000
18.1000	18.1460	90.0000
19.0000	18.9960	350.0000
13.1000	13.9600	30.0000
13.3000	13.5080	100.0000
12.3000	13.4380	160.0000
12.7000	13.4000	160.0000
17.3000	17.3270	125.0000
13.1000	13.3840	280.0000
15.6000	15.3210	300.0000
19.1000	19.1270	110.0000
16.0000	15.9370	220.0000
15.2000	14.6110	125.0000
18.8000	18.7890	310.0000
18.7000	18.6760	280.0000
13.2000	13.6330	200.0000
12.8000	13.6000	75.0000
18.3000	18.2760	325.0000
14.2000	13.4880	285.0000
13.8000	13.2490	160.0000
19.0000	19.0010	185.0000
18.5000	18.4640	275.0000
12.1000	13.3660	45.0000
16.4000	16.0220	360.0000
13.2000	13.6870	225.0000
13.8000	13.5520	22.5000
15.3000	15.4130	25.0000
16.4000	16.3560	70.0000
12.2000	13.6170	335.0000
17.6000	17.5750	90.0000
16.4000	16.3340	200.0000
16.8000	16.7830	75.0000
13.0000	13.8950	280.0000
16.1000	16.2190	100.0000
19.3000	19.2810	340.0000
14.7000	13.6760	330.0000
14.1000	14.4380	30.0000
12.0000	13.5460	245.0000
12.1000	13.5080	25.0000
19.1000	19.0910	335.0000
15.4000	13.5490	355.0000
19.3000	19.2940	60.0000
17.4000	17.3850	265.0000
14.6000	13.2280	260.0000
14.2000	13.5720	355.0000
14.7000	14.0500	90.0000
12.5000	13.3840	190.0000
16.9000	17.0590	55.0000
13.3000	13.3770	80.0000
14.3000	13.8150	260.0000
19.1000	19.1340	355.0000
16.2000	16.3060	90.0000
14.9000	13.5150	290.0000
17.2000	17.1690	150.0000
15.9000	15.5280	355.0000
18.0000	18.0220	100.0000
14.2000	13.5540	335.0000
15.4000	14.5650	235.0000
17.1000	17.1380	215.0000
17.5000	17.4800	55.0000
15.8000	15.5690	170.0000
14.3000	13.3810	160.0000
15.2000	13.9110	270.0000
19.0000	19.0090	195.0000
15.9000	15.9820	115.0000
17.8000	17.8190	295.0000
14.9000	14.4570	120.0000
15.3000	14.5400	165.0000
15.9000	15.9310	195.0000
17.7000	17.7520	80.0000
17.3000	17.3000	170.0000
13.7000	13.4570	125.0000
17.6000	17.6630	55.0000
17.9000	17.8190	360.0000
12.8000	13.9330	235.0000
12.9000	13.7140	45.0000
15.4000	15.6580	60.0000
14.7000	13.7570	130.0000
17.1000	17.1240	70.0000
13.3000	13.4820	225.0000
16.6000	16.5700	80.0000
18.9000	18.8880	260.0000
15.2000	15.5960	45.0000
13.8000	13.6860	195.0000
18.8000	18.8030	50.0000
18.1000	18.1210	345.0000
18.3000	18.2810	260.0000
19.3000	19.2980	85.0000
14.2000	13.7360	205.0000
12.1000	13.4030	345.0000
12.2000	13.8950	130.0000
16.7000	16.4570	320.0000
17.7000	17.6810	140.0000
15.5000	15.7220	100.0000
15.8000	15.6600	235.0000
19.1000	18.9330	20.0000
18.8000	18.6910	20.0000
14.3000	13.8940	315.0000
17.8000	17.8840	255.0000
14.8000	15.3760	40.0000
17.5000	17.4780	125.0000
17.5000	17.5600	220.0000
16.8000	16.9130	210.0000
14.5000	13.3490	330.0000
14.7000	14.6440	85.0000
17.0000	17.0950	150.0000
18.2000	18.2360	85.0000
15.5000	13.9830	260.0000
15.7000	15.8500	155.0000
13.9000	13.4880	295.0000
18.9000	18.9140	155.0000
17.0000	16.9410	260.0000
15.5000	14.2630	330.0000
18.6000	18.6370	115.0000
18.2000	18.1660	165.0000
13.2000	13.6250	205.0000
12.8000	13.3850	210.0000
18.5000	18.4470	305.0000
18.4000	18.4290	95.0000
15.0000	13.7230	225.0000
18.0000	17.7530	25.0000
16.8000	16.6130	285.0000
14.7000	13.6860	240.0000
13.5000	13.6740	355.0000
18.7000	18.6990	70.0000
17.9000	17.9250	285.0000
16.0000	15.7380	270.0000
14.0000	13.5540	315.0000
18.1000	18.0740	50.0000
13.5000	13.3410	285.0000
19.2000	19.2020	230.0000
12.9000	13.9200	305.0000
17.4000	17.3200	355.0000
18.7000	18.7110	95.0000
17.2000	17.1160	140.0000
17.4000	17.4880	185.0000
16.1000	15.8690	220.0000
16.9000	17.0060	105.0000
13.8000	13.5450	105.0000
14.7000	13.6010	285.0000
16.7000	16.8210	145.0000
16.4000	16.2720	260.0000
14.6000	14.0420	190.0000
18.7000	18.7380	20.0000
14.1000	13.6930	285.0000
13.2000	13.7770	335.0000
15.8000	16.0870	115.0000
12.9000	13.4460	55.0000
17.4000	17.4000	60.0000
14.1000	13.7990	85.0000
13.0000	13.4550	140.0000
16.7000	16.7570	125.0000
13.1000	13.6770	120.0000
19.2000	19.2090	195.0000
12.5000	13.3490	315.0000
15.3000	15.8570	70.0000
13.5000	13.3330	340.0000
18.3000	18.2420	205.0000
17.2000	17.1640	300.0000
12.1000	13.5490	165.0000
16.1000	15.3880	300.0000
18.4000	18.4090	360.0000
17.8000	17.7420	330.0000
12.0000	13.4250	160.0000
17.8000	17.8540	270.0000
14.9000	14.1030	270.0000
12.9000	13.6600	22.5000
19.1000	19.1290	90.0000
18.6000	18.5500	240.0000
14.8000	13.9750	215.0000
18.0000	17.9150	340.0000
13.5000	13.4680	80.0000
16.5000	16.5080	215.0000
13.0000	13.4640	40.0000
18.7000	18.7360	115.0000
13.5000	13.4890	130.0000
13.2000	13.6140	100.0000
17.9000	17.8920	110.0000
18.0000	17.9970	325.0000
16.3000	16.3860	115.0000
18.7000	18.7110	155.0000
14.9000	13.6800	185.0000
18.5000	18.4550	325.0000
15.7000	15.4860	305.0000
16.8000	16.6050	290.0000
14.0000	13.6280	330.0000
16.0000	16.0830	80.0000
19.3000	19.2870	135.0000
14.6000	14.0960	305.0000
17.6000	17.5450	315.0000
19.3000	19.2740	55.0000
17.6000	17.6380	210.0000
18.8000	18.8020	160.0000
19.0000	19.0200	165.0000
18.9000	18.9200	325.0000
16.0000	16.1750	85.0000
12.2000	13.8880	200.0000
14.8000	13.9440	150.0000
16.1000	15.9050	285.0000
17.7000	17.6160	275.0000
12.0000	13.4940	130.0000
14.0000	13.4360	305.0000
15.3000	15.6760	100.0000
12.1000	13.4790	275.0000
19.4000	19.3950	285.0000
15.5000	15.4160	205.0000
19.1000	19.0860	275.0000
14.7000	14.7780	35.0000
16.4000	16.2490	270.0000
14.6000	13.9350	125.0000
16.4000	16.4920	175.0000
16.9000	16.9120	120.0000
12.4000	13.4630	215.0000
18.7000	18.6880	235.0000
19.4000	19.3390	115.0000
14.2000	13.4540	360.0000
17.9000	17.9640	225.0000
18.1000	18.0920	265.0000
18.4000	18.1330	20.0000
16.9000	17.0260	35.0000
13.8000	13.5010	260.0000
15.2000	13.4860	355.0000
15.9000	16.0410	135.0000
16.5000	16.5000	165.0000
13.8000	13.3300	265.0000
18.4000	18.3720	330.0000
19.1000	19.1450	75.0000
17.6000	17.6970	50.0000
14.4000	14.4800	55.0000
15.2000	14.9220	150.0000
17.0000	16.9480	300.0000
16.2000	16.4010	85.0000
12.8000	13.5110	70.0000
13.9000	13.4790	100.0000
15.8000	15.9270	95.0000
13.1000	13.5360	100.0000
15.4000	14.9440	200.0000
14.8000	15.0440	25.0000
18.6000	18.5570	280.0000
17.4000	17.3900	105.0000
19.1000	19.1230	80.0000
15.6000	15.5670	155.0000
15.2000	13.8280	215.0000
13.3000	13.9810	230.0000
17.3000	17.2560	285.0000
15.0000	13.6540	195.0000
13.7000	13.4710	320.0000
14.0000	13.3030	105.0000
13.7000	13.5970	220.0000
14.1000	13.5160	350.0000
12.2000	13.2730	175.0000
18.8000	18.7910	75.0000
12.2000	13.6700	265.0000
18.4000	18.4310	160.0000
17.5000	17.5660	140.0000
15.4000	14.7040	210.0000
14.9000	13.4650	245.0000
17.7000	17.6760	155.0000
15.5000	15.5840	55.0000
12.5000	13.8860	135.0000
16.4000	16.4860	80.0000
13.5000	14.1340	30.0000
17.6000	17.5840	270.0000
13.0000	13.7180	295.0000
12.6000	13.3660	290.0000
16.2000	16.3140	200.0000
16.4000	16.4380	160.0000
16.7000	16.6000	270.0000
16.6000	16.6140	195.0000
13.9000	13.5700	160.0000
17.4000	17.4790	165.0000
16.3000	16.3420	225.0000
17.9000	17.9690	240.0000
19.4000	19.3630	125.0000
18.6000	18.5540	230.0000
13.9000	13.5810	165.0000
16.1000	16.1570	115.0000
19.1000	19.1000	190.0000
16.4000	16.2650	285.0000
15.4000	15.5840	30.0000
14.9000	13.6770	320.0000
12.2000	13.3090	140.0000
17.8000	17.8210	105.0000
13.7000	13.4170	255.0000
13.8000	13.5250	255.0000
17.1000	17.0480	225.0000
12.7000	13.3760	130.0000
18.1000	18.1270	285.0000
16.3000	16.4380	145.0000
16.5000	16.2550	325.0000
15.9000	15.7910	255.0000
12.3000	13.3830	75.0000
14.1000	13.7170	120.0000
12.8000	13.3690	290.0000
17.1000	17.1520	165.0000
18.1000	18.1390	75.0000
12.0000	13.7450	140.0000
13.1000	13.7680	90.0000
18.7000	18.6970	170.0000
12.9000	13.4160	290.0000
12.1000	13.3840	22.5000
12.8000	13.3890	80.0000
17.2000	17.3020	170.0000
14.0000	13.4050	360.0000
18.4000	18.3970	165.0000
19.3000	19.2990	200.0000
19.0000	19.0090	85.0000
14.0000	13.6230	45.0000
13.3000	13.8880	175.0000
17.4000	17.4400	160.0000
12.5000	13.7780	145.0000
15.6000	13.8720	340.0000
14.3000	13.8310	360.0000
16.7000	16.7040	105.0000
15.9000	15.9860	95.0000
15.2000	13.3790	340.0000
17.5000	17.5300	150.0000
14.6000	13.6030	180.0000
14.2000	13.6410	175.0000
13.6000	13.4260	275.0000
12.7000	13.6460	145.0000
16.4000	16.2120	295.0000
17.1000	17.0690	105.0000
19.0000	19.0300	155.0000
12.3000	13.9200	85.0000
18.1000	18.1020	305.0000
16.6000	16.4590	270.0000
17.9000	17.8910	95.0000
15.2000	15.3870	30.0000
14.4000	14.1420	90.0000
13.2000	13.3420	215.0000
16.4000	16.4910	30.0000
12.5000	13.5680	140.0000
14.9000	15.3890	60.0000
16.5000	16.6430	125.0000
12.0000	13.5420	55.0000
12.7000	13.5740	115.0000
17.6000	17.6720	40.0000
14.7000	13.7330	145.0000
16.2000	16.2910	165.0000
17.6000	17.7020	205.0000
12.9000	13.6760	20.0000
17.3000	17.2930	80.0000
15.3000	13.6850	280.0000
15.2000	13.8350	310.0000
18.8000	18.8050	335.0000
12.4000	13.4850	20.0000
12.7000	13.3240	220.0000
13.5000	13.5170	260.0000
14.8000	13.5340	305.0000
12.1000	13.6710	355.0000
16.7000	16.6820	215.0000
16.0000	15.3450	265.0000
17.4000	17.2650	345.0000
16.5000	16.6210	115.0000
18.0000	17.9930	45.0000
16.6000	16.4750	285.0000
19.4000	19.3970	305.0000
13.1000	13.4690	140.0000
17.7000	17.7150	185.0000
12.6000	13.4010	320.0000
15.3000	14.7820	345.0000
17.1000	17.0840	115.0000
19.0000	18.9460	60.0000
17.6000	17.5340	280.0000
12.6000	13.4340	330.0000
13.3000	13.5910	265.0000
17.9000	17.9410	245.0000
15.1000	14.3980	200.0000
13.5000	13.5280	175.0000
16.0000	15.6780	230.0000
16.2000	16.3550	100.0000
16.5000	16.6760	155.0000
12.4000	13.5960	195.0000
16.6000	16.6990	35.0000
16.1000	15.5690	355.0000
18.5000	18.5020	115.0000
12.9000	13.5420	30.0000
14.4000	13.4840	160.0000
16.6000	16.4790	240.0000
19.0000	19.0050	285.0000
13.2000	13.4440	290.0000
12.2000	13.3790	160.0000
15.3000	15.1750	105.0000
16.9000	17.0560	175.0000
14.9000	13.8410	360.0000
17.4000	17.5210	230.0000
18.9000	18.9290	140.0000
16.0000	15.0620	320.0000
14.5000	14.1680	235.0000
18.3000	18.0430	20.0000
14.4000	13.6240	140.0000
14.5000	14.2030	55.0000
15.4000	14.8730	225.0000
14.7000	13.4290	320.0000
15.9000	15.5590	350.0000
18.3000	18.2740	195.0000
18.6000	18.5640	255.0000
13.9000	13.4560	250.0000
16.8000	16.7490	90.0000
13.4000	13.7600	350.0000
18.5000	18.4730	350.0000
17.1000	17.1560	60.0000
13.9000	13.4290	260.0000
15.2000	15.5970	100.0000
14.8000	15.2660	22.5000
17.8000	17.8240	70.0000
18.7000	18.7340	355.0000
15.6000	14.8010	235.0000
17.4000	17.4510	225.0000
18.8000	18.7840	265.0000
16.6000	16.6850	45.0000
14.2000	13.8220	70.0000
16.1000	15.9060	275.0000
13.8000	13.6180	165.0000
15.5000	15.6160	22.5000
14.6000	13.6720	130.0000
18.5000	18.4810	230.0000
12.3000	13.6360	230.0000
15.0000	13.6410	350.0000
18.3000	18.3010	295.0000
18.0000	18.0190	240.0000
15.6000	14.1290	355.0000
17.2000	17.2090	110.0000
17.2000	17.3240	215.0000
16.2000	16.1970	150.0000
12.8000	13.7410	175.0000
12.9000	13.6490	315.0000
17.3000	17.3710	240.0000
14.9000	13.8120	155.0000
15.8000	14.7150	270.0000
16.7000	16.8260	185.0000
17.0000	16.9620	320.0000
14.1000	13.4740	225.0000
15.4000	15.3050	180.0000
17.1000	17.0210	350.0000
17.3000	17.3800	210.0000
16.9000	16.9840	30.0000
12.9000	13.2870	50.0000
12.4000	13.9540	330.0000
15.9000	15.9560	60.0000
12.5000	13.3160	325.0000
12.1000	13.4050	195.0000
14.3000	13.3210	195.0000
17.9000	17.8940	335.0000
15.9000	15.8060	225.0000
16.2000	16.3450	20.0000
18.6000	18.5870	210.0000
12.5000	13.5490	300.0000
19.2000	19.1200	50.0000
17.1000	17.1170	100.0000
15.1000	14.3880	235.0000
13.0000	13.4340	195.0000
13.2000	13.6220	90.0000
15.6000	15.7880	100.0000
15.1000	13.5260	335.0000
18.1000	18.0440	155.0000
12.3000	13.4430	305.0000
14.9000	14.4890	160.0000
17.8000	17.8230	90.0000
19.3000	19.2920	130.0000
13.6000	13.4550	40.0000
13.1000	13.3960	295.0000
12.3000	13.3840	205.0000
15.5000	15.6900	145.0000
12.4000	13.4810	80.0000
16.2000	15.8420	320.0000
12.4000	13.2560	55.0000
18.0000	17.8840	30.0000
14.5000	13.6730	165.0000
18.9000	18.8680	30.0000
19.4000	19.3940	335.0000
16.4000	16.1240	325.0000
14.3000	13.5540	335.0000
19.1000	19.0820	225.0000
16.9000	16.7740	310.0000
17.3000	17.3440	25.0000
15.5000	15.0730	200.0000
15.5000	14.7860	255.0000
13.1000	13.5210	245.0000
17.3000	17.4450	215.0000
13.1000	13.4010	315.0000
18.8000	18.8110	345.0000
16.2000	15.9690	330.0000
17.7000	17.7650	65.0000
18.4000	18.4010	275.0000
18.0000	18.0630	75.0000
14.3000	14.4510	70.0000
14.3000	13.3810	150.0000
13.5000	13.5200	330.0000
16.5000	16.2270	355.0000
14.9000	14.7420	75.0000
18.7000	18.6950	215.0000
12.0000	13.4750	220.0000
12.6000	13.4480	100.0000
18.3000	18.2730	45.0000
18.2000	18.2020	175.0000
12.8000	13.7640	255.0000
17.7000	17.7590	45.0000
12.0000	13.2740	260.0000
16.7000	16.7660	190.0000
14.8000	14.9680	80.0000
13.6000	13.3790	265.0000
13.1000	13.2720	260.0000
14.6000	13.5020	245.0000
13.0000	13.2400	165.0000
16.4000	16.4630	45.0000
18.5000	18.4920	345.0000
13.3000	13.6110	40.0000
17.2000	17.2250	70.0000
15.7000	14.3410	345.0000
14.0000	13.5010	350.0000
14.3000	13.4540	115.0000
18.0000	18.0440	225.0000
13.4000	13.6290	45.0000
15.1000	13.2420	350.0000
13.2000	13.7790	110.0000
13.2000	13.5190	115.0000
17.1000	17.1550	220.0000
16.6000	16.4690	295.0000
13.9000	13.1690	120.0000
16.8000	16.8920	100.0000
17.7000	17.7160	230.0000
18.1000	18.0620	190.0000
15.0000	13.5650	215.0000
17.3000	17.4190	250.0000
12.7000	13.5880	325.0000
18.6000	18.5630	265.0000
13.5000	13.5710	195.0000
17.5000	17.5010	22.5000
16.3000	16.3250	170.0000
12.5000	13.6140	195.0000
18.9000	18.8890	255.0000
17.5000	17.4900	155.0000
17.7000	17.6090	340.0000
16.6000	16.6150	120.0000
19.2000	19.2030	340.0000
16.7000	16.6950	60.0000
19.1000	19.0910	215.0000
18.3000	18.3580	70.0000
18.9000	18.8920	80.0000
14.3000	14.7550	45.0000
12.4000	13.6170	355.0000
15.0000	13.8580	255.0000
15.0000	14.2510	240.0000
19.1000	19.0870	245.0000
18.0000	17.9960	200.0000
19.0000	19.0220	145.0000
18.9000	18.9270	165.0000
18.4000	18.4150	140.0000
15.0000	15.2940	45.0000
12.7000	13.5950	335.0000
17.9000	17.8940	125.0000
19.3000	19.3020	185.0000
13.8000	13.3910	210.0000
17.2000	17.2480	180.0000
15.4000	15.3460	115.0000
15.8000	15.5420	145.0000
19.3000	19.3080	245.0000
13.3000	13.8560	110.0000
12.3000	13.5640	70.0000
18.0000	18.0230	165.0000
14.7000	13.5570	215.0000
15.6000	15.7300	55.0000
13.7000	13.2670	225.0000
19.2000	19.2080	205.0000
15.9000	15.9750	160.0000
13.7000	13.3860	335.0000
12.5000	13.3290	35.0000
13.8000	13.3400	65.0000
15.2000	15.0030	85.0000
16.5000	16.5360	230.0000
18.0000	18.0150	105.0000
14.1000	13.8550	125.0000
12.0000	13.4090	95.0000
17.9000	17.9070	185.0000
16.3000	16.1200	295.0000
14.8000	13.6670	300.0000
19.3000	19.2900	320.0000
17.9000	17.9520	75.0000
13.7000	13.7250	90.0000
16.2000	16.2680	55.0000
12.8000	13.7240	125.0000
16.1000	15.3010	320.0000
12.5000	14.5240	45.0000
16.4000	16.3290	235.0000
16.2000	15.9400	300.0000
19.2000	19.1910	120.0000
16.7000	16.5990	225.0000
14.6000	15.1200	25.0000
19.3000	19.3040	235.0000
12.3000	13.4870	210.0000
14.7000	13.6030	265.0000
15.2000	15.2760	25.0000
15.0000	15.2640	25.0000
12.3000	13.5160	340.0000
17.6000	17.6400	65.0000
12.3000	13.5120	225.0000
12.3000	13.5370	45.0000
15.2000	15.6670	60.0000
13.2000	13.5710	270.0000
13.7000	13.4880	350.0000
14.2000	13.5390	350.0000
19.1000	19.1020	70.0000
15.4000	15.5950	155.0000
13.2000	13.5080	325.0000
18.1000	18.0460	355.0000
15.2000	14.0480	210.0000
12.2000	13.5940	315.0000
19.4000	19.3560	120.0000
18.7000	18.8070	25.0000
14.6000	13.5510	205.0000
19.0000	19.0230	190.0000
16.4000	16.4840	85.0000
18.2000	18.2080	285.0000
18.5000	18.5290	65.0000
14.6000	14.2350	135.0000
18.6000	18.5990	75.0000
18.2000	18.2060	270.0000
13.7000	13.4190	155.0000
15.5000	14.6310	270.0000
13.0000	13.8120	20.0000
13.2000	13.6810	22.5000
13.8000	13.7030	125.0000
14.8000	13.3670	290.0000
17.4000	17.4160	65.0000
13.7000	13.7400	305.0000
12.0000	13.5490	40.0000
16.7000	16.6510	260.0000
14.9000	14.4600	240.0000
19.2000	19.2050	305.0000
16.6000	16.6330	250.0000
18.6000	18.5870	315.0000
13.9000	13.5830	360.0000
14.0000	13.8420	280.0000
17.8000	17.7220	355.0000
12.6000	13.4970	185.0000
15.5000	15.8170	75.0000
16.8000	16.8690	170.0000
19.0000	18.9770	50.0000
16.0000	16.0570	50.0000
15.6000	15.0310	275.0000
18.6000	18.6030	165.0000
17.9000	17.9130	195.0000
18.7000	18.7460	125.0000
16.1000	16.0970	165.0000
16.6000	16.7240	30.0000
18.2000	18.2450	75.0000
18.8000	18.8310	115.0000
16.9000	16.9460	180.0000
17.7000	17.6440	300.0000
16.4000	16.1850	305.0000
15.2000	15.7490	50.0000
18.8000	18.7920	190.0000
13.2000	13.4150	280.0000
16.1000	15.8030	280.0000
15.6000	15.9170	110.0000
12.2000	13.3560	85.0000
14.2000	13.9500	80.0000
14.9000	14.0430	140.0000
17.8000	17.7790	180.0000
13.9000	13.8140	20.0000
12.0000	13.4020	50.0000
16.0000	15.6220	260.0000
12.9000	13.4610	155.0000
14.7000	14.3500	120.0000
12.8000	13.4610	225.0000
16.4000	16.5240	25.0000
19.3000	19.2870	315.0000
15.7000	15.5940	240.0000
16.3000	16.2980	45.0000
14.8000	15.2860	75.0000
15.7000	16.0050	105.0000
14.0000	13.6070	345.0000
15.9000	15.9940	80.0000
13.0000	13.2500	220.0000
16.9000	16.7060	320.0000
16.8000	16.8040	305.0000
19.4000	19.3720	110.0000
13.8000	13.6300	95.0000
16.0000	16.1350	160.0000
18.2700	17.9640	227.0000
12.4000	13.2780	22.5000
16.6000	16.5310	215.0000
12.6000	13.4200	215.0000
19.1000	19.1010	95.0000
12.7000	13.4000	30.0000
17.7000	17.6940	110.0000
12.1000	13.5490	350.0000
16.7000	16.7020	120.0000
14.6000	13.7340	250.0000
17.3000	17.3450	255.0000
14.2000	14.1570	30.0000
19.3000	19.3000	225.0000
15.5000	14.5080	355.0000
15.4000	15.5690	40.0000
15.8000	15.2700	295.0000
12.0000	13.9320	35.0000
17.8000	17.7840	175.0000
12.3000	13.4730	140.0000
19.4000	19.3900	350.0000
18.9000	18.9110	180.0000
14.8000	14.0610	255.0000
12.9000	13.3910	310.0000
17.5000	17.5520	45.0000
14.8000	14.8260	95.0000
17.2000	17.2740	40.0000
13.7000	13.8900	310.0000
17.7000	17.7040	175.0000
17.1000	17.1720	170.0000
17.3000	16.9680	355.0000
12.3000	13.3400	115.0000
18.8000	18.7990	205.0000
14.0000	13.8210	235.0000
13.1000	13.4960	210.0000
15.5000	14.7130	280.0000
17.4000	17.3630	350.0000
15.9000	16.0580	20.0000
19.4000	19.3850	140.0000
12.8000	13.4120	320.0000
15.2000	15.2350	80.0000
14.3000	14.0550	325.0000
13.1000	13.5720	265.0000
19.4000	19.3660	90.0000
16.9000	16.9380	140.0000
18.7000	18.7110	180.0000
16.0000	16.2320	110.0000
17.6000	17.6220	255.0000
16.7000	16.6050	255.0000
12.7000	13.3400	210.0000
17.0000	16.8800	305.0000
12.1000	13.4130	125.0000
17.2000	17.1780	285.0000
16.0000	16.2130	130.0000
12.1000	13.2560	60.0000
15.8000	16.0110	22.5000
13.3000	13.5850	295.0000
13.4000	13.3340	325.0000
17.3000	17.1630	345.0000
13.3000	13.4610	25.0000
18.9000	18.8930	205.0000
18.4000	18.3440	305.0000
16.6000	16.3140	360.0000
15.9000	15.6610	250.0000
15.3000	13.9550	265.0000
15.5000	14.8830	220.0000
18.3000	18.2670	225.0000
16.9000	16.9110	130.0000
19.2000	19.2150	200.0000
14.8000	13.7630	345.0000
16.7000	16.8710	130.0000
17.1000	17.2000	130.0000
18.9000	18.8730	70.0000
15.4000	13.6210	290.0000
18.8000	18.8090	150.0000
12.2000	13.3460	60.0000
19.0000	18.9990	300.0000
18.2000	18.2430	80.0000
12.1000	13.4320	300.0000
12.6000	13.7780	250.0000
17.6000	17.5950	30.0000
14.0000	13.4020	135.0000
16.5000	16.4910	205.0000
14.1000	13.4540	315.0000
15.4000	13.9400	265.0000
13.6000	13.4700	270.0000
14.6000	13.6360	355.0000
15.4000	14.1690	250.0000
19.3000	19.2940	190.0000
12.4000	13.8400	175.0000
18.6000	18.5620	260.0000
18.6000	18.5760	250.0000
17.1000	17.0620	95.0000
16.1000	16.1410	200.0000
13.0000	13.5450	255.0000
19.2000	19.2160	95.0000
16.6000	16.6560	40.0000
15.8000	15.9070	60.0000
18.6000	18.5980	335.0000
18.9000	18.8980	340.0000
12.0000	13.5540	105.0000
16.5000	16.2840	310.0000
13.3000	13.4280	65.0000
18.1000	18.0680	325.0000
16.2000	16.1460	210.0000
16.9000	16.8730	245.0000
13.6000	13.2450	240.0000
13.4000	14.0850	75.0000
14.5000	13.6720	120.0000
16.3000	16.2810	180.0000
14.7000	14.4230	70.0000
12.7000	13.2760	85.0000
16.6000	16.4780	310.0000
12.2000	13.6170	275.0000
16.1000	15.9150	255.0000
17.8000	17.8280	310.0000
17.0000	16.7970	330.0000
15.1000	14.2740	320.0000
13.6000	13.3250	55.0000
16.5000	16.4060	270.0000
17.5000	17.4750	70.0000
12.0000	13.5680	205.0000
15.3000	15.2880	185.0000
14.1000	13.5250	250.0000
17.4000	17.5050	190.0000
18.5000	18.4620	295.0000
15.0000	14.6410	155.0000
13.9000	13.8980	65.0000
13.2000	13.7600	150.0000
16.2000	16.1220	240.0000
12.8000	13.5000	220.0000
14.3000	14.1460	130.0000
16.2000	15.8540	280.0000
12.5000	13.3470	210.0000
19.1000	19.0950	330.0000
14.5000	13.4420	225.0000
19.1000	19.0920	100.0000
13.0000	13.7230	260.0000
14.9000	13.4250	355.0000
12.9000	13.6370	330.0000
19.3000	19.2710	50.0000
13.8000	13.2770	295.0000
17.2000	17.0370	305.0000
16.7000	16.5310	305.0000
17.9000	17.8870	135.0000
17.6000	17.5530	130.0000
12.5000	13.4020	20.0000
13.1000	14.5270	285.0000
18.5000	18.5490	75.0000
17.2000	17.2070	360.0000
19.2000	19.2150	150.0000
13.4000	13.4280	150.0000
17.0000	17.0580	105.0000
16.2000	16.3230	115.0000
18.9000	18.9040	110.0000
12.9000	13.8750	235.0000
13.9000	13.7290	130.0000
15.1000	13.8660	280.0000
12.3000	13.5140	235.0000
16.5000	16.4390	240.0000
13.9000	13.4050	170.0000
14.4000	13.4360	155.0000
18.8000	18.7880	175.0000
16.0000	16.1190	100.0000
16.0000	16.0720	65.0000
17.7000	17.6900	115.0000
13.6000	13.8050	225.0000
16.8000	16.6670	350.0000
18.9000	18.8900	230.0000
14.2000	13.3930	265.0000
17.9000	17.8790	180.0000
19.1000	19.0020	40.0000
16.2000	15.8340	340.0000
17.3000	17.2290	340.0000
12.9000	13.8740	70.0000
14.5000	13.6110	305.0000
15.1000	13.8550	275.0000
19.2000	19.2030	175.0000
12.3000	13.4640	330.0000
18.9000	18.9110	95.0000
14.0000	13.5550	80.0000
17.1000	17.2030	140.0000
18.8000	18.7900	185.0000
12.7000	13.5190	55.0000
15.1000	13.8800	285.0000
18.8000	18.8030	340.0000
15.0000	13.6660	185.0000
18.1000	18.1510	260.0000
16.9000	16.8980	240.0000
16.8000	16.7300	260.0000
12.0000	13.5490	195.0000
18.7000	18.7110	135.0000
18.0000	18.0480	70.0000
16.0000	16.0920	150.0000
12.4000	13.4770	345.0000
12.4000	13.6810	270.0000
17.3000	17.3220	135.0000
13.3000	13.4000	250.0000
17.2000	17.0650	325.0000
16.7000	16.7270	55.0000
15.3000	13.6790	355.0000
15.5000	14.2910	310.0000
12.3000	13.7330	55.0000
14.5000	13.7250	275.0000
19.2000	19.0840	30.0000
14.4000	13.7390	105.0000
17.1000	17.1160	250.0000
17.6000	17.4760	360.0000
14.1000	14.2910	40.0000
18.4000	18.4150	155.0000
17.1000	17.2110	50.0000
18.8000	18.8050	330.0000
13.9000	13.5350	235.0000
13.2000	13.2620	210.0000
14.9000	15.6410	30.0000
16.3000	16.2100	245.0000
19.3000	19.3050	230.0000
15.2000	14.0880	265.0000
17.5000	17.4890	75.0000
16.9000	16.7460	290.0000
17.6000	17.6210	200.0000
12.9000	13.5750	115.0000
17.4000	17.4270	30.0000
14.7000	13.3980	310.0000
15.9000	15.8430	215.0000
18.3000	18.2920	155.0000
14.4000	13.8450	340.0000
14.8000	14.6610	105.0000
16.1000	16.1990	80.0000
12.0000	13.4870	200.0000
17.7000	17.7050	100.0000
17.6000	17.6150	150.0000
17.3000	17.3030	140.0000
18.8000	18.8030	170.0000
18.6000	18.6070	145.0000
15.0000	15.4570	85.0000
14.4000	13.5020	95.0000
18.1000	18.1100	275.0000
14.1000	13.5630	260.0000
16.4000	16.6310	105.0000
12.6000	13.4000	35.0000
14.0000	13.4250	340.0000
14.0000	13.3710	220.0000
13.1000	14.0050	190.0000
12.9000	13.8780	250.0000
12.0000	13.4490	265.0000
15.9000	15.5380	305.0000
13.3000	13.2820	170.0000
14.3000	14.2110	30.0000
12.4000	13.4060	300.0000
18.6000	18.6050	355.0000
18.2000	18.2190	110.0000
16.5000	16.1950	345.0000
16.5000	16.4970	55.0000
16.9000	16.7250	345.0000
17.5000	17.3990	320.0000
17.4000	17.3860	300.0000
14.2000	13.9510	235.0000
15.0000	13.8780	265.0000
15.6000	15.5950	165.0000
19.2000	19.2020	250.0000
16.9000	16.9100	85.0000
15.7000	15.7450	185.0000
13.0000	13.4550	230.0000
19.0000	18.9750	75.0000
14.3000	13.4590	85.0000
12.2000	13.9820	45.0000
18.0000	17.9830	150.0000
17.5000	17.5830	235.0000
12.0000	13.3440	295.0000
13.8000	13.2830	315.0000
15.4000	14.1310	260.0000
16.1000	15.7200	350.0000
18.4000	18.4510	80.0000
18.1000	18.1170	310.0000
14.7000	14.2580	75.0000
18.8000	18.7970	220.0000
15.8000	15.9070	45.0000
14.3000	13.3960	100.0000
13.8000	13.6680	25.0000
18.9000	18.8680	65.0000
17.6000	17.6000	80.0000
16.7000	16.6440	240.0000
13.5000	13.4130	300.0000
19.2000	19.2190	100.0000
14.4000	14.1930	125.0000
14.5000	14.9400	40.0000
17.3000	17.2980	165.0000
15.5000	15.7300	80.0000
13.2000	13.5240	70.0000
13.0000	13.2020	25.0000
14.5000	13.4840	230.0000
17.3000	17.2380	260.0000
15.1000	13.5200	245.0000
13.1000	13.5410	350.0000
12.3000	13.4430	260.0000
15.3000	13.8240	350.0000
12.0000	13.5040	305.0000
16.0000	16.1730	120.0000
12.1000	13.4440	175.0000
12.8000	13.5560	135.0000
16.6000	16.6610	50.0000
13.0000	13.4930	355.0000
14.8000	13.4080	310.0000
13.1000	13.3940	185.0000
18.6000	18.5750	295.0000
13.4000	13.6900	190.0000
12.6000	13.6400	65.0000
18.6000	18.6150	70.0000
17.6000	17.6020	160.0000
13.7000	13.6480	190.0000
16.6000	16.6110	260.0000
14.4000	13.3450	230.0000
14.7000	13.4740	315.0000
16.8000	16.8140	250.0000
13.5000	13.5110	190.0000
13.6000	13.4050	185.0000
19.3000	19.2830	45.0000
17.2000	17.1520	290.0000
13.1000	13.4000	135.0000
12.3000	13.5000	250.0000
15.8000	15.6100	230.0000
12.0000	13.6310	330.0000
14.4000	13.6800	110.0000
18.0000	17.9980	250.0000
16.3000	16.3320	175.0000
16.8000	16.6390	325.0000
14.4000	13.7030	85.0000
16.5000	16.3440	300.0000
14.2000	13.7260	315.0000
17.3000	17.2690	280.0000
12.0000	13.3630	355.0000
14.6000	13.2440	225.0000
14.3000	13.4030	175.0000
15.4000	14.8620	195.0000
14.9000	13.4530	310.0000
17.8000	17.8270	75.0000
17.5000	17.5930	225.0000
19.0000	19.0060	115.0000
14.4000	13.6010	170.0000
14.1000	13.5730	165.0000
15.7000	15.3540	295.0000
17.0000	17.0070	22.5000
12.9000	13.4600	185.0000
13.8000	13.5410	110.0000
12.9000	13.4710	40.0000
18.2000	18.2210	50.0000
12.9000	13.7190	160.0000
16.8000	16.7370	280.0000
13.0000	13.6140	200.0000
16.0000	15.6370	335.0000
13.8000	13.3930	75.0000
12.7000	13.4090	60.0000
14.4000	13.6080	195.0000
13.7000	13.4010	290.0000
13.2000	13.4050	55.0000
13.1000	13.7340	340.0000
18.0000	18.0350	285.0000
14.2000	14.0360	65.0000
12.9000	13.5130	85.0000
16.8000	16.6350	335.0000
15.5000	14.5220	335.0000
16.5000	16.4780	210.0000
19.4000	19.3610	95.0000
14.8000	13.9150	200.0000
16.7000	16.8540	115.0000
17.3000	17.2980	20.0000
18.1000	18.1420	360.0000
13.1000	13.4340	175.0000
12.3000	13.6420	130.0000
18.8000	18.8060	100.0000
17.2000	17.1780	130.0000
17.2000	17.2660	195.0000
19.2000	19.1990	235.0000
18.6000	18.6370	360.0000
17.6000	17.6060	265.0000
16.5000	16.5790	140.0000
13.6000	13.2680	100.0000
13.2000	13.4000	260.0000
19.3000	19.2850	335.0000
14.5000	14.3650	170.0000
17.3000	17.3580	220.0000
13.3000	13.5800	95.0000
12.4000	13.7480	30.0000
16.5000	16.2240	340.0000
14.9000	14.9240	85.0000
12.8000	13.3980	40.0000
15.9000	15.7290	240.0000
19.0000	18.9950	90.0000
13.2000	13.4730	170.0000
18.6000	18.5530	235.0000
16.1000	15.7390	305.0000
18.9000	18.9070	335.0000
18.1000	18.0420	165.0000
18.5000	18.5470	80.0000
15.2000	15.7090	65.0000
17.1000	17.1370	255.0000
17.7000	17.6890	285.0000
16.7000	16.7940	175.0000
17.1000	17.1840	205.0000
14.6000	13.2550	320.0000
15.2000	15.3220	40.0000
16.2000	16.2910	25.0000
19.1000	19.0880	230.0000
12.2000	13.5100	65.0000
16.2000	16.4840	80.0000
17.2000	17.2350	30.0000
17.6000	17.6890	45.0000
15.1000	15.6410	50.0000
12.2000	13.6620	245.0000
12.8000	13.5090	115.0000
12.1000	13.4040	220.0000
15.1000	15.5680	80.0000
16.3000	16.3770	195.0000
15.5000	14.4910	230.0000
17.7000	17.7980	210.0000
16.1000	16.0690	125.0000
18.5000	18.4020	330.0000
15.7000	14.4040	350.0000
13.0000	13.7350	340.0000
18.7000	18.6870	285.0000
17.9000	17.8870	40.0000
15.7000	14.7280	265.0000
12.2000	13.5530	220.0000
19.0000	19.0310	160.0000
16.8000	16.8340	95.0000
14.3000	13.4790	120.0000
13.8000	13.7860	90.0000
16.9000	16.9580	150.0000
16.4000	16.4820	180.0000
18.7000	18.7150	130.0000
14.5000	13.7370	160.0000
13.7000	13.3470	285.0000
13.4000	13.8890	290.0000
17.9000	17.8920	140.0000
13.4000	13.6060	135.0000
13.3000	13.3190	200.0000
14.0000	13.5230	255.0000
13.2000	13.6230	185.0000
14.8000	14.5420	65.0000
19.4000	19.3980	300.0000
19.4000	19.3060	35.0000
16.2000	16.3710	105.0000
12.8000	13.4780	35.0000
16.6000	16.7460	125.0000
16.5000	16.3770	305.0000
14.3000	14.8690	20.0000
17.1000	17.1920	55.0000
13.7000	13.5560	45.0000
15.3000	13.5230	310.0000
13.0000	13.5590	300.0000
18.9000	18.9090	125.0000
18.7000	18.7080	85.0000
12.4000	13.3340	160.0000
13.8000	13.7430	100.0000
15.1000	14.1990	215.0000
17.5000	17.4720	105.0000
16.1000	16.1750	75.0000
17.7000	17.7480	215.0000
13.2000	13.4770	40.0000
17.7000	17.7050	190.0000
12.8000	13.3320	230.0000
17.0000	17.0670	160.0000
17.0000	16.9800	225.0000
15.6000	15.7240	35.0000
12.7000	13.3880	45.0000
15.9000	15.9440	180.0000
18.9000	18.8890	290.0000
14.1000	13.2820	320.0000
17.6000	17.6570	220.0000
16.6000	16.6530	90.0000
13.8000	13.3830	230.0000
16.3000	16.5080	110.0000
15.3000	14.3960	155.0000
14.2000	13.2930	225.0000
13.7000	13.2450	215.0000
18.6000	18.6010	135.0000
16.4000	16.4410	20.0000
16.6000	16.5000	220.0000
14.6000	13.5920	210.0000
15.3000	13.5840	340.0000
18.0000	17.9800	170.0000
18.1000	18.0700	150.0000
14.5000	14.2420	50.0000
13.0000	13.3420	240.0000
19.2000	19.2300	75.0000
12.6000	13.4040	220.0000
15.5000	15.8440	120.0000
16.9000	16.7640	335.0000
15.4000	14.8440	255.0000
15.6000	15.7950	85.0000
16.5000	16.3650	265.0000
17.3000	17.3520	75.0000
13.5000	13.5780	265.0000
13.9000	13.5840	315.0000
19.3000	19.3000	250.0000
12.3000	13.6280	240.0000
16.0000	16.0920	55.0000
19.1000	19.0960	345.0000
13.5000	13.4370	20.0000
13.9000	13.7270	200.0000
16.8000	16.8900	50.0000
16.1000	16.0950	225.0000
18.7000	18.6840	260.0000
14.6000	13.9580	300.0000
12.7000	13.3460	175.0000
15.7000	14.0730	325.0000
14.3000	14.0950	25.0000
13.9000	13.6110	290.0000
16.0000	16.1100	135.0000
12.9000	13.4600	240.0000
14.8000	13.7100	145.0000
15.6000	15.3580	250.0000
14.9000	13.3050	285.0000
12.2000	13.6740	125.0000
15.6000	14.6070	330.0000
18.3000	18.2840	160.0000
13.4000	13.4010	360.0000
13.5000	13.4000	350.0000
14.6000	13.9480	160.0000
14.5000	14.6000	80.0000
17.8000	17.8620	215.0000
12.0000	13.4790	300.0000
16.5000	16.5000	60.0000
15.2000	13.5740	330.0000
16.6000	16.5190	280.0000
17.7000	17.7350	40.0000
16.9000	16.9980	60.0000
17.2000	17.2160	25.0000
15.1000	13.9940	205.0000
17.4000	17.4540	205.0000
16.8000	16.8670	40.0000
16.8000	16.8280	85.0000
13.7000	13.9300	145.0000
19.2000	19.1760	35.0000
17.4000	17.3780	245.0000
15.5000	14.1660	315.0000
17.1000	16.9590	295.0000
16.7000	16.8030	100.0000
17.8000	17.8100	200.0000
12.7000	13.5060	105.0000
17.2000	17.2630	190.0000
14.4000	14.2340	225.0000
13.7000	13.2080	175.0000
15.1000	13.5780	360.0000
17.0000	17.0570	170.0000
19.4000	19.3970	315.0000
15.9000	16.1340	125.0000
15.3000	13.8860	305.0000
18.9000	18.8720	75.0000
19.2000	19.1910	275.0000
15.5000	15.8840	65.0000
18.4000	18.1960	25.0000
18.1000	18.0560	210.0000
18.9000	18.9250	130.0000
16.1000	15.8150	290.0000
17.7000	17.7790	225.0000
18.9000	18.9020	100.0000
15.7000	15.9200	30.0000
16.2000	16.1590	215.0000
14.9000	13.5160	255.0000
14.9000	13.6280	345.0000
15.5000	15.3470	125.0000
12.3000	13.6680	80.0000
15.5000	14.3630	225.0000
17.9000	17.8990	200.0000
13.9000	13.8270	225.0000
13.6000	13.3200	210.0000
12.3000	13.6470	295.0000
16.9000	16.9250	110.0000
12.3000	13.5240	25.0000
14.4000	14.0410	175.0000
12.5000	13.3960	180.0000
16.1000	16.2430	35.0000
12.8000	13.5070	205.0000
15.0000	15.2370	22.5000
12.2000	13.4470	355.0000
19.4000	19.3990	235.0000
17.5000	17.4090	340.0000
14.8000	13.6600	155.0000
14.0000	13.5840	180.0000
19.2000	19.1980	270.0000
14.7000	13.5280	355.0000
16.1000	16.1320	140.0000
18.3000	18.2900	340.0000
16.7000	16.3520	355.0000
13.4000	13.5460	50.0000
17.5000	17.4930	20.0000
12.7000	13.4500	195.0000
15.0000	15.5730	80.0000
12.7000	13.3540	215.0000
19.4000	19.4000	185.0000
19.0000	18.9920	320.0000
19.2000	19.1800	55.0000
18.4000	18.2150	30.0000
12.3000	13.6160	170.0000
18.6000	18.6120	160.0000
19.3000	19.2760	115.0000
13.1000	14.0820	35.0000
14.8000	13.4420	280.0000
16.3000	16.4150	90.0000
19.0000	18.9970	355.0000
12.2000	13.2960	115.0000
13.8000	13.3490	240.0000
13.0000	13.5280	22.5000
12.4000	13.3840	140.0000
19.4000	19.3980	170.0000
15.3000	15.6730	125.0000
18.7000	18.7250	105.0000
13.1000	13.5550	355.0000
12.7000	13.8220	360.0000
19.1000	19.0970	180.0000
13.3000	13.4510	240.0000
18.5000	18.4590	310.0000
16.0000	15.7420	305.0000
16.8000	16.7330	295.0000
14.3000	13.4620	265.0000
15.9000	15.9700	175.0000
19.1000	19.0970	205.0000
18.4000	18.4270	120.0000
12.7000	13.2870	305.0000
14.6000	13.6420	235.0000
17.0000	16.9510	245.0000
17.2000	17.1020	350.0000
12.2000	13.6980	22.5000
17.4000	17.4230	35.0000
19.3000	19.2930	275.0000
18.9000	18.7650	35.0000
19.0000	19.0390	30.0000
17.4000	17.4560	270.0000
12.4000	13.5430	45.0000
13.7000	13.4750	300.0000
19.0000	18.9990	335.0000
18.3000	18.3160	100.0000
17.0000	16.8540	355.0000
13.9000	13.7840	240.0000
13.5000	13.4300	22.5000
13.6000	13.5640	25.0000
14.5000	13.6470	190.0000
12.2000	13.7700	350.0000
13.9000	13.5380	220.0000
14.6000	14.6870	40.0000
17.3000	17.3020	95.0000
12.8000	13.4340	345.0000
19.0000	19.0220	135.0000
18.5000	18.4670	205.0000
17.4000	17.3850	100.0000
18.3000	18.2940	270.0000
12.8000	13.5310	280.0000
12.5000	13.5410	175.0000
18.4000	18.3920	315.0000
18.2000	18.2260	120.0000
19.3000	19.3170	70.0000
12.0000	13.4890	225.0000
15.6000	15.8210	150.0000
13.3000	13.4030	160.0000
14.0000	13.7180	200.0000
16.5000	16.7150	100.0000
13.6000	13.5730	130.0000
15.6000	15.4060	75.0000
18.3000	18.3100	355.0000
15.6000	14.2080	285.0000
15.3000	14.1730	235.0000
17.5000	17.4970	25.0000
12.7000	13.3550	135.0000
18.5000	18.4610	235.0000
12.1000	13.6770	90.0000
17.9000	17.8710	295.0000
15.7000	15.8240	135.0000
16.6000	16.4430	320.0000
12.5000	13.5960	360.0000
18.4000	18.3890	235.0000
13.8000	13.6660	285.0000
12.7000	13.6110	200.0000
15.0000	13.3650	235.0000
16.0000	15.7810	275.0000
16.8000	16.5880	330.0000
13.1000	13.3270	275.0000
13.8000	13.5990	235.0000
17.6000	17.4810	340.0000
13.4000	14.0300	335.0000
16.5000	16.6380	120.0000
15.8000	14.9700	255.0000
15.9000	15.3580	270.0000
12.4000	13.5130	250.0000
12.1000	13.4650	155.0000
16.6000	16.6570	55.0000
18.0000	18.0160	230.0000
16.7000	16.4780	295.0000
13.8000	13.4750	215.0000
15.3000	15.4290	85.0000
12.1000	13.9590	70.0000
17.4000	17.4290	20.0000
18.2000	18.1730	290.0000
17.6000	17.5400	295.0000
17.5000	17.5960	190.0000
17.1000	17.0520	340.0000
16.9000	16.9250	50.0000
19.1000	19.0770	325.0000
15.8000	14.9550	290.0000
18.3000	18.3180	120.0000
13.8000	13.5850	155.0000
13.3000	13.4840	360.0000
15.1000	15.3500	25.0000
17.2000	17.2770	240.0000
19.0000	18.9990	220.0000
12.6000	13.3640	110.0000
14.7000	13.5380	250.0000
16.4000	16.2260	280.0000
18.4000	18.4390	100.0000
15.2000	14.8340	175.0000
12.9000	13.5490	205.0000
16.2000	15.9430	290.0000
13.1000	13.3090	360.0000
17.7000	17.7810	250.0000
12.6000	13.5640	315.0000
13.8000	13.6550	305.0000
13.5000	13.9270	305.0000
19.0000	18.9810	280.0000
15.1000	13.8390	290.0000
18.6000	18.5660	290.0000
15.5000	15.2510	290.0000
18.8000	18.7970	155.0000
12.9000	13.5140	135.0000
15.0000	13.8430	220.0000
14.6000	13.5260	290.0000
16.3000	15.5130	350.0000
16.9000	17.0630	40.0000
16.7000	16.7260	20.0000
15.7000	14.8460	340.0000
13.2000	13.6830	235.0000
18.7000	18.6770	290.0000
13.7000	13.3600	85.0000
18.2000	18.2130	60.0000
15.8000	15.8980	50.0000
14.5000	13.3480	360.0000
18.8000	18.8010	165.0000
16.8000	16.7680	255.0000
18.7000	18.7460	360.0000
14.4000	13.3970	275.0000
17.2000	17.0680	330.0000
14.4000	13.2380	210.0000
15.1000	13.6670	305.0000
18.9000	18.9240	145.0000
15.8000	15.8900	125.0000
14.5000	14.3890	65.0000
12.0000	13.6650	115.0000
15.9000	16.0900	22.5000
13.7000	13.4570	340.0000
15.2000	13.5560	360.0000
16.5000	16.6560	105.0000
15.2000	14.0030	165.0000
13.1000	13.4600	20.0000
18.5000	18.5400	70.0000
18.3000	18.1980	35.0000
13.5000	13.4220	270.0000
12.1000	13.3640	325.0000
12.3000	13.4060	290.0000
15.8000	15.7110	200.0000
17.9000	17.8850	120.0000
14.4000	13.6350	150.0000
12.5000	13.7010	185.0000
16.9000	17.0030	165.0000
18.9000	18.9090	175.0000
15.6000	15.4700	210.0000
15.9000	15.9910	130.0000
13.2000	13.2930	155.0000
18.9000	18.9080	170.0000
13.0000	14.0880	125.0000
